Время: 231мс
Размер результирующей матрицы: [100,100]
-281 -173 32 588 -193 96 -509 10 -127 -383 -496 56 328 721 -26 324 67 498 -618 -323 -279 -204 486 -28 158 -65 -162 208 -69 138 -465 460 -194 -355 23 -82 -89 -397 -432 66 -197 -111 -96 430 649 -251 -238 557 -199 130 -135 207 14 -6 -77 -345 -1 -315 701 263 -208 550 258 517 287 -770 472 54 6 -140 6 165 -65 -113 -452 49 -785 -164 -395 -167 -110 -667 -272 674 369 312 -477 -179 26 65 -29 -755 182 -345 12 117 2 369 -485 -243 
386 -666 560 176 -278 61 391 -686 41 18 -987 -413 -344 326 503 503 -465 -206 378 -262 290 470 386 403 18 61 51 134 -162 471 791 -451 558 -459 -115 432 -755 123 276 127 64 22 -335 -390 -200 625 380 -240 -123 131 136 -137 72 -229 -248 -103 318 404 -23 -465 -273 267 -229 504 -216 598 -245 -552 148 155 337 7 672 -299 105 600 -294 254 165 47 -307 -357 -235 456 -779 -599 -234 199 -137 -17 -823 566 148 94 -692 670 110 396 752 108 
273 535 -224 -705 444 -18 118 -12 -381 387 -123 -893 -298 -125 -261 266 22 -301 -645 107 -365 145 -223 300 -121 -55 397 -255 -187 31 -181 125 -371 206 18 -412 -145 -224 30 -730 170 465 -135 255 -19 132 -280 -128 291 -91 -56 -188 696 243 198 69 -755 -57 -310 381 -135 257 38 143 -228 -178 267 515 -618 448 116 253 -229 -421 201 -100 31 -235 -115 449 261 -381 467 261 53 111 -10 -248 -109 -547 594 -97 222 338 105 -465 96 -740 418 -588 
47 -101 -227 406 -320 -809 -53 -64 150 460 159 -29 67 24 -274 -311 611 46 -605 591 -230 -203 -877 153 -72 496 475 325 -244 -531 -303 106 -213 -18 -175 452 198 -50 -159 -363 129 -31 184 113 122 328 -259 417 -20 259 533 -458 575 292 -468 994 -61 -694 19 88 432 30 -167 -105 496 234 471 643 218 119 -403 -99 499 178 323 532 -22 68 400 -102 -407 -356 -595 -113 270 -66 60 -235 -274 -68 -565 -398 203 580 -588 -24 714 239 -446 800 
294 -134 -440 469 -185 432 -672 122 258 -156 324 94 -93 -206 126 -474 877 104 528 382 193 -78 -326 -680 -67 -478 -316 -509 -70 642 -131 -236 283 -442 417 557 629 -399 -25 -604 -412 -226 -226 220 -111 369 464 -427 -245 575 -301 675 -27 527 -637 94 349 -330 216 301 1014 121 384 165 215 -594 85 620 326 -225 -450 207 430 148 574 -594 383 -57 -526 -135 -27 -23 90 -259 137 11 -18 -385 362 -111 358 21 -742 -166 -452 462 17 184 -146 334 
358 257 -351 -108 584 -138 -100 -429 -182 114 164 -248 284 -337 464 185 151 -62 401 97 -361 -471 776 -41 223 -156 516 490 518 618 -99 -489 -67 -456 343 547 -23 560 -27 -128 477 237 67 -457 -639 -252 119 -154 -461 -390 -372 -842 165 -102 563 59 -210 -388 -179 791 -183 -314 -170 189 -173 610 -129 695 -666 -127 -278 -225 178 -338 97 319 -115 -514 97 299 -720 632 182 -472 941 418 -154 -120 -396 -146 36 4 -53 301 -373 -186 -418 -905 354 -607 
128 509 90 36 507 366 171 -229 -236 188 -332 162 -605 -400 -159 239 347 154 -83 -14 -10 37 706 3 556 636 -353 -122 221 -108 198 -241 87 299 455 -616 372 -551 146 -226 561 -368 -640 133 3 147 415 60 132 -197 235 285 161 111 -44 256 156 -4 272 -478 27 294 -32 627 -148 -553 327 405 26 -605 -82 -131 215 171 74 -481 -551 -401 -245 -206 150 -504 -143 -255 -67 349 -756 69 252 -179 482 -355 -284 255 -691 -75 -214 -91 -80 -28 
-159 -130 -248 116 -133 589 -891 647 -612 145 26 -80 301 -923 79 -285 -355 -39 417 49 -166 -153 -145 -156 96 -480 -372 452 -414 218 -368 -374 -266 1 -65 -137 -345 173 193 -218 -278 402 39 -79 -436 -747 -239 -801 -620 89 582 -1074 -179 -122 238 14 -32 386 -433 674 -400 -727 -56 -289 599 36 286 23 -414 743 -86 -672 -94 57 506 83 -90 722 170 -152 59 -59 125 -708 208 104 -453 86 63 142 -380 658 604 455 167 230 164 -167 488 -214 
348 -111 107 273 -548 -98 782 -28 114 37 -535 -541 -399 60 -305 281 73 471 103 -456 441 376 -495 441 413 -434 412 -446 11 -620 37 -264 -581 -374 99 368 88 -537 72 182 -11 -332 -148 160 -378 39 76 -200 -387 -22 180 -330 -69 240 -168 571 -120 -638 121 364 263 72 241 189 -229 575 208 -739 288 449 600 356 -379 79 215 459 326 181 -449 787 146 204 -566 169 -300 20 404 252 40 -112 -664 -435 -160 297 -223 -514 -100 -15 -880 -66 
-321 526 509 -160 -373 150 -317 -2 -21 50 62 522 264 183 775 -56 162 -533 -165 204 -191 -26 478 -66 242 447 -299 -570 -311 -15 860 465 -25 -11 100 770 275 736 -313 -210 -39 -285 -303 -882 269 128 -101 -48 108 126 -455 371 471 -171 -476 272 133 1072 518 -50 -228 50 925 -604 -216 349 -24 176 845 -2 -28 -272 -533 349 -360 -75 105 496 276 61 -50 504 -191 -327 -46 -350 272 547 175 338 -535 117 -296 303 -238 319 -161 319 409 -85 
280 -338 334 -407 312 905 -346 383 562 -76 341 278 -295 -610 -532 186 70 -263 -418 -35 -218 -483 -149 -123 231 542 273 -269 -323 5 156 -100 442 53 -285 269 94 146 4 123 -33 -424 135 -430 415 105 -24 -317 443 367 -175 673 544 215 -210 -59 498 -307 1097 -821 559 -475 1046 -11 519 -660 -264 539 -200 19 -659 -54 277 107 199 -309 135 3 -159 -296 -857 -795 -19 -6 579 -395 -226 -159 484 373 -233 428 -341 24 -459 724 35 651 -104 203 
342 885 113 -524 -320 117 309 -375 -292 -497 -212 -559 -854 427 -16 814 -157 117 -302 -672 318 -78 -403 -1215 -96 -69 60 212 -136 -382 503 -720 -632 262 161 63 -727 -388 459 -505 48 323 -240 247 -218 57 335 -237 -225 176 251 -82 109 -742 249 53 -831 51 -340 -64 164 -211 -353 96 38 -425 -143 0 437 -111 96 -152 96 72 263 -284 -233 217 119 196 335 492 -71 -590 -564 -358 -71 -22 536 -313 -57 467 69 88 322 -280 265 7 140 -44 
-184 120 475 212 92 102 -40 219 51 240 -58 267 122 -517 -645 35 -316 -9 -408 238 -323 -422 346 98 392 305 56 -351 351 47 29 -103 192 216 5 -554 597 68 43 -490 558 -547 -477 242 -54 325 691 -406 -25 -439 112 624 -109 -94 470 21 -385 50 -337 -280 -1 346 -468 292 -370 -384 -624 235 -731 358 -244 -100 123 209 273 181 509 -350 74 -223 402 -182 -515 -102 400 440 -872 548 806 109 -89 -441 -405 65 34 -112 -558 -281 -433 401 
-696 891 -455 538 329 -56 998 -584 186 5 -365 -186 69 287 122 69 -210 226 277 -834 -365 -291 77 1554 175 134 -245 78 413 -405 434 -44 117 -128 167 -697 -713 656 -266 313 -81 265 148 -421 -179 880 4 6 -255 -658 -103 449 -316 -470 -271 -269 331 126 707 -832 -48 -375 -572 -294 55 356 39 -64 62 -253 383 329 167 104 -117 -430 103 -586 -297 384 333 159 -316 487 547 607 -115 -176 -223 -592 -357 -225 296 243 -2 -716 -83 377 -425 -524 
-7 780 293 344 -281 692 -232 360 14 51 -329 -509 -184 -20 157 579 -545 398 -484 -731 -62 -240 -196 -54 -251 240 132 109 -198 -178 -146 -615 -304 196 -704 -729 -638 -363 -400 72 -293 178 -209 276 100 62 -619 113 -348 -63 -140 -730 394 -454 144 229 190 -162 386 93 -269 186 -627 -49 627 -30 667 532 69 334 292 -226 228 190 32 36 -518 124 -308 152 31 137 -77 134 34 175 92 -129 -40 791 -135 487 59 371 -331 -464 210 450 -327 11 
-285 -468 655 -287 -523 284 -227 627 -261 -69 -50 -105 93 -611 -285 -374 -557 -81 -116 196 -111 38 -295 -241 -320 -491 -423 -647 -349 246 -84 -129 -507 401 -520 -575 277 352 428 290 -381 -149 498 470 428 -678 277 -516 501 267 397 -271 -63 261 376 150 -44 -211 -302 363 -32 -261 175 -120 397 -107 -359 -522 -143 61 116 -440 325 454 219 -692 829 470 -587 56 399 214 -255 -68 -432 155 -253 436 340 160 138 583 359 -97 908 427 -218 -191 9 109 
334 207 172 -111 409 -586 -66 -54 808 -869 -66 352 -328 31 137 -61 -260 -450 -176 -288 -24 -784 692 -506 -109 89 172 365 -25 498 87 -61 811 -28 117 -373 104 86 -35 -536 -226 13 -163 -232 152 379 16 366 555 213 -253 -477 -35 -191 134 -322 527 135 -267 -42 -309 306 40 -169 71 211 -403 613 180 -157 -703 189 261 -69 -431 176 54 -75 216 -86 149 550 149 -336 464 551 -249 -505 -226 65 558 139 -205 582 268 30 -599 25 281 287 
-166 221 -677 -228 152 -394 -160 -169 162 -262 -88 -302 546 158 850 352 232 -525 -118 -192 317 261 -287 159 -37 -542 -171 139 201 348 406 17 788 -453 176 350 -547 -689 -518 69 -97 -643 -469 -911 66 167 -314 130 288 164 194 352 -246 -751 -768 -157 231 348 -529 -44 -172 -434 446 -147 -481 343 12 484 -921 201 301 360 -177 -155 157 121 -110 -735 323 92 154 33 633 388 -360 -302 1107 307 5 -515 250 -5 -281 -363 -95 -279 -44 82 594 159 
-161 -255 288 43 165 -389 291 -115 601 -506 33 266 -180 603 -1 757 281 -45 -566 -65 398 -114 -29 -386 139 68 132 22 -301 -94 1137 -172 -424 -159 -285 277 -551 104 41 -596 232 -204 -663 364 15 433 -302 300 -383 -152 286 122 854 115 27 428 -295 -94 -123 145 126 72 -63 50 -285 79 -328 505 427 -70 -147 -23 210 29 -487 -74 -263 -602 435 426 -794 -479 63 130 -158 -261 -460 318 240 165 -519 192 -426 766 88 -435 -195 11 336 -124 
-14 92 -233 -164 -317 50 523 139 -292 -782 866 248 -131 62 449 -527 215 -17 -279 196 675 177 344 -479 52 -643 -113 -273 158 24 639 -231 108 37 -384 356 169 -14 257 -12 -160 -428 484 346 -321 254 -209 59 -43 266 23 498 -852 -662 -220 -372 425 1 -617 332 -178 973 -673 -145 261 -273 123 -456 162 -889 -439 -73 278 -195 -836 -339 192 -214 642 -332 341 105 660 441 -399 -234 643 -595 260 244 -5 586 -510 -436 75 -217 -36 -12 173 -79 
-82 247 -22 367 228 33 -276 -692 88 126 -418 -319 59 -308 -571 159 -419 379 139 336 -445 374 -1042 449 345 278 -191 195 -664 -467 -411 -55 -231 233 160 -235 254 402 -154 -315 177 335 -64 -217 68 47 -264 -43 -359 359 1 471 425 167 -341 308 -191 114 32 -688 698 -2 1 452 -106 -28 231 -155 46 -88 -181 -145 56 -187 -340 -251 -256 -65 -323 -106 131 -344 -144 -211 311 139 -838 403 -627 79 -567 -33 238 148 -488 -82 107 35 -316 26 
-134 -366 -491 -338 265 -167 -212 -37 -368 319 263 520 567 -164 -921 117 -815 163 513 -174 365 -677 126 267 -143 -177 480 -401 -98 -335 -470 219 -108 -415 -97 684 -9 183 -17 523 259 -63 82 -216 65 -95 -432 50 802 -509 194 50 -250 267 194 -174 292 436 79 123 -46 -255 317 -8 -82 -249 -35 -394 495 -58 -556 -215 151 -348 -12 545 -341 -34 184 -110 -374 -417 99 -126 5 -68 -167 191 251 149 -517 549 135 104 -491 556 -514 581 378 3 
100 -9 433 -198 217 -195 -152 -357 -143 248 -241 -550 128 -241 -523 317 -325 -350 170 -510 -311 245 51 599 -420 -305 701 -224 -273 81 -232 -108 247 -73 -378 -96 -520 338 395 469 119 267 16 -445 348 -868 307 -468 348 156 -275 -299 58 -606 303 27 -159 475 95 147 91 262 329 978 312 -51 178 -293 -20 58 57 99 -85 -535 107 268 -311 488 182 183 378 179 -240 -169 -377 -158 -42 -214 -8 -19 -233 803 381 -514 -4 -169 270 -291 593 -377 
-58 -448 -401 -209 -30 -722 -329 -844 -117 -278 26 38 385 -283 -23 -238 -149 -1279 458 -229 73 -892 754 481 -512 -442 666 631 205 518 -357 532 -71 -29 -645 -471 193 320 392 125 -321 128 334 -437 287 -662 -73 274 560 12 389 46 -509 -40 961 -231 -32 -143 -269 -5 -128 327 102 208 218 297 -772 346 374 891 10 -235 107 -462 422 163 338 38 107 -143 -158 393 322 -59 -145 219 566 -215 -450 464 -259 72 -79 -674 111 11 -267 155 -12 -216 
317 11 -501 172 77 -95 -455 -111 -622 -72 -74 443 -271 -594 -83 -821 -551 -310 258 313 736 -593 317 185 -73 -397 -251 -427 239 370 -407 -298 79 416 -63 -313 358 234 -582 -364 -271 837 -83 -303 556 -247 213 -448 642 284 630 595 467 25 277 -110 -362 -30 -45 -298 757 68 82 -813 496 304 -105 93 398 416 -330 -194 -325 -124 753 -697 102 284 -26 -574 395 337 99 -129 -201 179 159 -409 -648 462 -288 487 -68 -652 20 320 193 378 911 86 
-3 245 -205 -693 -94 79 547 -28 -285 -139 -543 -720 440 50 -437 678 227 248 -293 351 -102 474 -273 200 278 549 -19 -362 442 417 116 206 -1050 523 392 -253 856 -134 283 121 -246 -379 -758 -517 166 254 59 -319 288 -201 349 526 437 688 111 -215 -38 56 209 163 -446 -280 253 -258 -777 -130 -14 -172 -168 687 711 497 -474 -301 281 -219 85 164 -414 -102 502 -286 -186 264 -529 557 -210 272 315 -398 693 -763 43 -111 187 -179 -460 -169 -682 -154 
-118 700 -264 -78 -472 -143 72 -243 -457 332 -194 64 -2 -252 -163 397 -89 -447 -252 -321 133 0 365 548 -212 387 321 332 -217 -154 168 134 -136 -219 -190 90 8 545 215 271 421 -371 207 -306 -132 -743 169 -104 -993 -449 30 -471 -361 -85 -18 397 -127 683 181 245 -45 -430 -118 -97 -50 373 391 214 159 583 451 -473 -169 215 -556 359 6 189 237 321 -407 -193 -495 -490 29 207 238 571 -359 479 -865 100 167 -5 -174 -136 663 58 266 -337 
373 117 211 209 449 -291 125 861 584 89 -337 -52 -529 132 -103 104 144 194 -687 -347 -683 629 27 269 47 99 -228 442 -533 -739 62 326 248 -166 -561 -399 35 -538 152 -317 460 124 212 360 -543 279 562 586 -404 -34 -819 165 -10 368 -43 166 88 -297 284 -3 -177 -332 145 599 184 -417 -52 -337 -108 -521 136 291 835 121 146 41 124 213 -585 343 -40 -787 236 360 33 507 -88 171 329 -217 598 -35 218 199 14 576 365 308 -281 133 
-28 463 -63 -570 -665 -146 -267 295 -78 -221 -509 321 -488 -329 -366 -282 376 -368 218 171 -276 -203 -375 516 -369 405 474 367 349 814 -223 192 367 -166 366 722 263 -402 722 82 -355 -70 31 -615 391 -185 7 -15 -97 214 116 -566 -243 -593 825 -310 -438 387 -58 -56 81 -277 779 -86 223 -523 -80 365 -349 63 -548 92 -332 -317 394 113 -157 250 108 223 -316 74 141 -5 250 -311 661 349 -534 -3 295 -380 489 -157 -151 -184 142 -566 563 172 
271 368 -747 -104 -197 -149 403 240 -266 -25 56 -298 -160 204 423 -654 -394 367 745 -232 249 74 -314 -57 -956 -154 -27 -48 479 519 262 -148 272 -136 -21 75 115 380 305 -231 -728 6 -423 -501 46 -260 176 -644 -319 522 222 -283 315 -77 -513 277 -88 348 -484 548 347 -158 60 -942 -15 226 296 52 63 500 258 88 207 -131 295 152 146 180 20 1321 -190 -387 -559 -598 -110 544 -3 -222 -152 -205 -607 -40 28 68 388 129 240 -505 504 -375 
-516 -348 -250 -801 114 -88 -120 385 -721 -317 266 -278 -83 142 -622 -25 -392 -208 236 -295 1 -151 106 375 -358 440 -301 319 217 -603 50 335 -473 -81 -279 22 -308 492 345 912 63 -190 -44 -180 387 -1018 22 -264 -225 -113 52 270 340 333 5 88 263 148 335 240 -6 -241 69 360 -248 93 577 21 -135 291 716 -541 -131 490 44 -184 38 323 -179 -281 1112 -334 -305 -70 -555 -56 728 639 197 -108 177 154 -235 -22 288 94 -798 -43 -344 -188 
265 -688 -213 629 -511 -126 306 -270 -237 437 6 30 687 -119 54 0 -330 389 65 -385 -343 891 -1117 351 413 -550 350 -121 -1134 -591 -159 61 192 458 247 -377 -512 -78 92 366 -150 617 99 522 78 163 -358 72 35 -75 -7 -357 -304 31 266 -60 -334 431 -254 -499 158 -2 -29 323 -351 218 28 -271 86 -784 -177 65 62 65 290 777 -106 -48 4 -207 221 -31 18 490 284 -343 504 -181 -128 724 -300 557 412 -348 -764 -96 81 -214 -301 98 
23 -61 -123 -58 -637 -247 -591 -460 306 12 490 -95 350 -52 -910 207 141 -158 212 639 -521 72 -196 227 422 266 -168 51 -425 403 626 14 -196 -318 267 417 -456 -103 193 -563 87 92 74 160 -237 620 -24 -125 173 -464 176 -248 -749 725 -721 261 -132 766 42 32 -63 -135 -308 226 -145 -51 489 99 173 651 148 -133 -112 284 470 551 358 254 324 -71 921 -8 -411 42 -740 -261 157 5 415 -480 50 440 25 159 -261 -9 91 401 -361 182 
300 -102 10 160 294 534 339 68 316 385 178 -3 -1323 128 187 -14 -203 -593 -246 -401 259 212 428 -19 465 678 368 -12 247 433 -141 -552 358 -364 449 -561 3 -312 -44 -107 411 334 42 209 230 555 521 307 -246 -614 -568 -327 828 -561 583 217 -539 229 147 45 61 -247 -126 -6 208 196 117 592 -192 -504 1 -437 -176 230 -412 -174 540 -148 -60 532 -614 287 252 47 25 -764 -341 350 -403 -187 -463 118 -342 -159 -130 -207 478 6 700 -408 
443 -24 -153 51 272 150 324 -41 -187 872 568 -109 -47 -263 -507 -12 -193 146 -900 300 401 353 -425 -537 426 96 124 -200 -288 -162 -157 675 -49 357 111 -240 428 -752 -277 187 1052 598 278 405 -610 -97 -316 259 -14 134 -79 -138 202 -27 -96 521 -768 -185 -166 -278 -72 -163 143 -88 -82 83 306 -599 48 -473 -634 417 196 -10 -341 -309 -362 367 922 -323 -68 -348 -37 109 342 207 -240 371 -644 -312 -242 -39 132 486 -100 -469 414 -177 -313 198 
130 -16 -307 -6 55 -77 -37 -78 -338 -196 -271 -132 586 -103 253 415 69 241 -101 -692 -346 540 -255 237 449 81 -143 -255 -686 -356 159 -215 -406 -240 -184 -32 212 528 -449 -74 -79 -90 -202 78 -292 588 -241 -441 -409 -138 231 -68 -704 221 -190 38 101 165 79 498 -128 258 -506 524 -180 200 452 11 -753 -269 233 227 249 -17 -160 239 42 -25 -614 287 596 -79 -150 516 -445 -535 -22 305 9 -344 -76 196 -70 179 -478 -19 -129 -88 -101 -414 
76 -234 343 362 -82 716 369 67 331 265 106 -745 8 603 597 -195 271 453 -41 251 58 239 -790 -825 -299 -593 -238 -467 -31 522 336 291 -426 85 864 290 14 -689 175 -210 -419 208 -723 679 -79 707 246 455 85 105 -966 -233 676 73 -16 396 -302 -189 14 921 306 263 -225 238 -163 134 -434 -497 123 -119 50 10 991 38 95 732 362 -340 -246 440 -191 69 -128 171 -108 49 -148 885 386 -323 -424 -230 182 429 -24 -176 -269 -430 -317 71 
-404 550 -63 -150 -150 -457 7 -627 6 -249 135 -553 -138 -29 -41 -78 -73 -898 574 159 -462 25 98 885 -525 355 -184 -92 1197 82 -235 -471 -37 -639 -538 -109 -577 -195 -50 -299 125 274 -92 -79 237 273 379 -13 -41 -93 -207 -10 763 -830 -733 -133 494 323 -572 -835 429 606 -100 203 -99 222 844 594 -197 105 159 48 -545 93 -278 231 871 -489 -12 247 173 -391 310 -363 -259 -225 330 -534 -177 232 -249 -424 480 468 -102 -411 -111 171 539 -1074 
-179 326 418 -374 376 455 -238 -166 -124 544 -187 -51 466 405 -327 -472 -425 402 -64 620 -313 -45 -132 256 136 248 72 -316 337 -921 -32 637 -64 729 -481 -258 445 553 174 159 780 159 160 -318 85 -472 349 328 -67 -186 81 -439 -276 210 -240 479 -506 -513 -17 -482 434 616 200 -18 668 205 99 -677 157 -150 -125 19 -98 -78 115 119 -594 175 102 -188 -259 -360 -11 -22 267 695 -222 378 422 67 -468 -287 264 116 -60 -491 117 -470 257 -434 
-281 68 -144 -353 -173 278 -721 -155 41 873 785 -215 -27 119 -126 -26 587 -571 151 301 -350 -19 203 236 435 282 425 -206 -129 176 -811 321 442 -281 108 -85 166 -568 -267 -403 231 303 187 -24 458 482 30 516 -416 252 -479 -59 -328 91 46 -21 -11 475 -450 162 -66 275 -143 119 -424 180 130 298 -99 -37 -78 -392 271 -339 -458 5 472 -222 -740 -137 -25 318 588 -92 -90 -401 -262 -310 -240 364 167 -53 -286 -87 -396 595 396 -223 445 122 
65 -326 31 214 103 21 146 224 -54 -617 570 310 55 -355 406 586 639 473 324 -192 -236 704 -603 -114 261 -380 -281 146 -75 -142 662 227 594 156 721 117 -473 -701 226 -349 -539 -324 -416 431 301 401 139 7 -512 830 353 235 -238 -434 -124 -48 404 32 11 -21 90 4 380 48 -33 -490 371 -370 -561 701 613 -175 5 349 391 555 131 -205 -516 -22 -124 20 -750 -313 -192 311 438 -269 731 133 332 341 98 706 -669 -75 -267 -18 -439 -151 
-51 671 97 -361 648 -101 -131 -436 7 -269 353 935 222 -214 -209 -483 412 -236 -409 -130 -459 -21 194 593 122 -170 268 24 -21 -64 107 142 68 -206 268 370 52 304 163 -109 -57 8 364 -466 -119 130 24 126 165 -59 287 -22 -231 35 72 600 -273 -371 -192 598 -125 132 344 -233 350 172 -244 509 468 -201 -112 104 -70 250 182 -113 -360 -209 593 -63 -131 505 -680 330 63 643 107 -379 302 -635 -263 64 291 -248 -613 -759 339 264 362 208 
67 471 -145 -490 -367 -193 -315 -55 -88 178 -349 -903 10 304 -112 -37 -74 -487 -521 -181 -30 -357 199 59 190 139 -217 253 -565 81 428 -50 -131 179 -469 221 430 187 304 -225 -176 109 140 -334 -164 -300 -297 -111 -121 383 656 -478 -92 745 -347 159 36 -91 222 166 457 99 101 462 -239 409 420 -40 299 -153 252 36 -75 -309 -58 152 -238 427 90 447 147 -589 711 96 -196 -101 261 378 -629 76 -481 -7 -483 -248 159 -177 -338 -273 -283 138 
379 -47 259 -159 136 -263 -80 101 467 -167 -724 189 -118 662 -153 313 500 -98 23 -127 156 460 -294 -92 -577 222 104 310 -142 -467 228 15 51 -102 473 559 -857 223 102 207 -258 -26 392 535 336 -263 343 450 359 -122 -730 -449 238 274 -165 -86 -435 171 443 466 856 366 -409 -278 138 -309 -216 -347 304 -223 33 618 469 190 301 91 -370 -179 209 236 -334 -455 -493 -239 353 95 -168 -344 699 150 392 -147 427 191 -296 -256 64 -271 612 372 
97 395 -454 -150 516 -407 198 10 163 471 137 39 175 103 -622 268 -182 153 -130 -169 921 -234 -3 -88 416 -299 -175 126 -222 -438 67 -113 -505 1 -318 -946 312 -523 -360 -69 44 635 -446 -205 -284 -546 -358 299 -23 -73 1009 51 215 -78 -238 -33 -12 -169 106 -278 223 26 -249 -515 -10 -432 68 -206 331 342 522 229 -138 -583 27 -295 -558 -554 -62 -90 -57 -438 -341 -396 -269 822 -549 -200 -356 -117 -11 -640 429 231 904 42 310 623 -35 252 
-302 -685 459 -508 -7 320 532 -708 150 539 -100 139 -110 -63 7 -36 300 -90 214 384 -1 191 508 -412 757 239 208 -255 -88 248 373 -145 -323 223 -446 -112 -60 196 758 -32 -30 -359 -491 -100 74 -870 708 200 228 -644 102 19 735 246 -19 -147 -445 230 652 -178 -193 -427 355 292 -254 -172 -493 -270 242 283 -111 568 -46 -389 -6 -375 -25 -414 130 784 -11 -92 -257 -692 -327 96 -693 -109 -273 -324 135 121 -378 426 384 201 -426 -351 358 -492 
-227 -633 394 380 0 143 184 614 581 -195 72 571 -427 30 -5 135 888 -46 447 481 18 -276 115 -393 -98 -214 -304 -276 -69 -86 29 567 739 401 88 246 -74 -354 -314 -648 -283 -658 -307 159 408 -400 956 568 316 -238 364 -246 335 -639 -274 462 -271 618 -215 317 -85 303 568 67 407 -227 207 -349 -249 360 -265 -424 -336 -307 -101 610 414 -298 208 -168 515 332 -167 98 -691 -588 210 34 180 62 -490 389 -457 214 47 376 162 -230 751 753 
-428 616 -607 -663 -136 -66 255 129 -555 -759 -373 665 5 -261 -243 -347 274 10 -94 -518 -70 -733 -159 -72 -157 -220 -467 39 959 177 -630 492 151 231 -334 -43 175 -285 -141 307 210 -226 -244 37 485 -560 81 49 288 -147 84 285 -224 -532 455 -82 -798 508 -115 208 23 -536 423 -281 -133 92 147 666 -126 1038 -363 569 264 -804 -223 -622 -123 -558 -135 -30 38 -248 -189 104 -280 279 381 125 -368 156 916 99 677 152 693 55 -133 -107 167 -466 
-429 366 375 -150 -194 -386 -190 -129 64 -133 -393 -416 257 1249 -98 192 -540 673 -56 -331 -97 -343 -699 336 -397 -723 -231 51 -22 -49 -82 677 -239 538 336 -309 -97 490 -172 33 -688 576 -482 92 645 -260 -301 -235 444 -62 -470 147 -243 85 246 -216 168 293 47 -171 373 267 -368 -474 -900 -240 26 21 414 -96 425 -219 -250 -854 83 -359 -62 -818 -667 -502 118 305 409 854 118 -62 292 40 112 628 -160 -397 -81 -743 656 -338 -156 -286 -116 220 
18 604 -76 13 -241 -256 154 -218 -210 453 -376 -234 -19 39 -657 211 86 -35 600 144 -470 -659 307 343 -229 443 -440 -202 193 -137 213 -158 -1138 -129 -601 -796 153 655 77 -817 -439 359 -587 503 345 -35 447 -564 8 -443 333 539 466 782 -52 -487 -158 267 507 -582 -283 -110 -438 26 -277 -158 -115 424 155 695 415 -192 -701 -161 -123 -352 668 -433 -746 -250 645 -509 87 -329 285 -183 -121 104 -6 29 -104 -779 425 199 223 340 -202 38 -427 66 
-63 161 -100 -240 181 290 914 -134 -653 260 173 368 177 -260 290 51 528 414 312 249 -326 59 910 10 151 -355 -41 -63 -228 -292 39 -211 17 110 235 295 -319 106 77 -210 -180 45 571 603 -253 516 -327 711 229 -28 84 -762 -169 1094 -132 37 171 367 -190 80 -771 -328 -272 279 135 131 315 -175 364 5 -234 15 -673 -39 -486 374 -193 -477 170 -153 421 -59 102 594 326 636 325 -225 40 -416 143 -212 308 -33 -473 -426 -412 -23 -570 229 
-401 -425 84 -588 -578 91 72 175 552 -493 108 413 -414 -40 -557 -336 320 124 71 625 440 286 -592 203 -129 -133 -187 10 -625 30 -384 -5 639 233 46 252 110 -916 798 59 -226 337 405 173 200 156 -409 -321 101 286 228 -688 -366 290 328 -71 540 -517 -79 -689 -65 187 125 -466 28 -193 524 46 -533 454 169 -456 -812 -172 539 -618 -754 376 -375 -415 460 -831 2 -43 158 433 389 -266 -93 184 596 258 957 -160 91 -32 -27 472 33 339 
-441 201 -250 -312 36 390 1277 -605 -127 -380 87 -733 -239 112 180 -511 -754 -165 251 59 453 57 103 -392 71 -123 865 -1122 321 -486 -447 -83 -92 252 119 253 8 -242 -327 73 216 -406 -55 -153 -728 -77 -122 -522 586 -753 0 250 161 488 -60 77 -316 -159 298 24 -449 -141 -161 291 -784 803 -521 139 210 -109 377 668 52 113 -125 -34 -345 155 571 721 39 295 -240 -165 375 227 115 14 62 -563 -182 81 -748 -22 410 -364 -664 -34 -144 68 
268 -191 -111 318 -177 -74 136 375 256 -555 -261 384 -12 548 -155 192 -178 269 524 -610 -597 275 22 415 110 -479 -365 307 -80 -310 -221 431 -170 -343 -397 -978 157 -378 -423 -408 -277 392 109 51 289 -74 -208 175 -362 -88 91 109 -578 44 60 -73 -298 -93 -623 -352 -761 663 -266 -97 153 -413 -102 53 -129 -82 650 104 130 -171 -226 193 -335 -536 -706 -323 436 151 -465 728 131 359 -131 -137 99 849 247 -166 238 -376 411 -214 371 -225 -202 -16 
-92 -165 -388 36 44 127 -515 -461 -24 562 440 -350 629 -587 -427 -683 187 -223 246 663 480 -285 38 -224 828 -888 196 158 -477 -40 -309 644 284 -111 18 -511 188 -74 96 -130 484 -82 341 231 -436 154 485 578 -362 -522 870 -216 -232 -130 -282 487 -601 -58 -838 -219 30 461 338 124 -377 29 18 -186 269 392 -685 324 -356 -196 424 359 142 -240 -181 -601 584 100 -308 -25 231 590 -50 -321 597 -204 103 -120 -51 12 221 -56 -686 -600 -577 -191 
-338 -20 -498 497 -89 110 36 422 92 223 281 -170 434 -197 162 -390 125 196 346 335 -68 761 -716 -72 -263 -649 162 -329 142 -294 -598 -485 220 -335 -255 -235 363 -210 -228 121 -332 -64 -39 -366 -153 -130 -321 -261 178 16 -263 -111 25 -160 -383 -218 510 1 -410 157 144 -307 431 -365 105 165 392 -40 -78 -220 742 69 83 270 -285 93 378 333 -315 -10 -87 497 -314 -388 148 422 505 -199 -63 43 -116 394 165 -313 -560 471 -200 625 -369 -698 
-227 -47 117 -78 623 -246 -556 -634 -165 -54 -495 741 -667 -427 -158 -272 471 43 540 -174 -465 -116 155 119 -108 590 -309 373 -198 -268 -380 409 446 166 139 -297 504 -90 717 538 -17 -342 344 349 179 -75 145 38 211 -134 486 -152 -884 -58 497 -161 691 650 200 -349 -173 184 665 496 -466 -380 342 10 71 139 274 -64 -611 -375 417 127 -225 386 -172 -191 169 250 -694 23 -655 313 167 321 121 112 -8 -661 -47 -960 -723 377 -223 396 -520 -76 
-398 -197 -325 611 59 -300 -277 -297 111 -646 29 -349 -514 -378 788 -731 -72 34 226 -152 395 -427 472 4 83 -306 53 25 672 -303 -296 -254 104 -72 -332 -253 -215 248 45 180 -169 148 531 -189 -300 -328 -391 259 -5 -138 264 -272 -899 -727 -243 -288 315 -110 -122 187 -42 331 -258 -832 396 84 -215 -745 -369 -76 -9 67 -475 -529 510 -233 -129 403 795 -173 411 268 208 -194 98 138 461 -548 443 219 296 201 -695 -95 -287 -668 -308 -255 -226 -349 
382 567 -557 -52 -59 -274 71 407 458 -518 -284 271 -555 375 -825 -453 188 201 119 -72 -915 -682 -465 97 140 275 361 0 746 115 -431 -626 585 -152 523 -109 458 -375 62 381 -331 -188 -819 -406 357 89 118 -439 757 -137 37 -131 -255 212 402 -616 -175 -148 192 -444 948 -51 -214 159 225 -240 -286 806 -459 -565 -325 992 145 -277 660 39 -558 -282 -377 -46 297 -43 1 339 327 28 1 -422 -203 604 343 -156 -167 -773 -87 53 -328 -235 -195 463 
85 39 88 -723 613 248 -310 -283 -236 -67 516 55 97 367 481 -519 52 167 -277 432 320 -876 616 -127 55 -230 280 133 768 981 -562 -125 151 -23 214 405 633 -19 137 213 -490 -58 -661 -463 302 -498 111 -346 242 235 -789 39 -11 -341 190 -44 435 125 -405 876 -106 360 -14 -312 -44 264 215 73 -576 753 511 184 312 -728 -59 -41 91 -479 315 123 -70 123 -200 -107 -393 254 431 -692 -109 -404 -431 -326 -424 -371 283 -107 158 207 -134 -64 
-155 542 13 591 343 -402 485 4 -205 -416 -540 140 -40 986 517 202 186 155 -30 509 -264 0 242 -461 -835 -343 -108 643 43 138 30 324 -370 944 650 -202 -514 189 34 -609 -510 413 -175 326 606 -70 252 165 1003 -147 0 -445 295 484 302 412 -33 714 436 411 -305 108 -3 280 512 -469 295 321 606 368 72 70 47 -458 530 116 -411 -378 18 69 0 129 127 109 58 -30 411 -22 -66 -16 -595 -456 -226 -205 113 -610 -138 -284 -311 401 
101 114 67 396 -651 -215 421 -151 217 640 -64 78 -23 286 -455 455 296 500 -81 119 -238 -133 -457 -326 -272 -240 89 -329 -338 -248 176 -224 -82 -241 -154 -328 -558 71 323 -56 195 377 -343 105 -126 381 -371 365 -50 -571 209 -983 272 -254 270 -128 -420 -87 46 -303 101 -803 -677 -292 -555 169 -732 -40 181 -72 477 -105 -209 208 -122 -75 41 -740 -494 236 -540 471 -216 -320 128 321 -466 -282 519 68 -53 -72 845 206 224 295 16 152 366 -58 
-386 -39 1073 -96 -358 250 652 -102 -487 -161 -56 643 511 185 462 -73 -136 358 -187 297 -378 548 383 115 -21 22 -20 -826 -119 197 433 212 -17 696 280 355 403 -53 -393 -240 -209 -173 -81 166 158 -248 272 -351 325 161 75 -11 212 92 223 -163 -308 77 390 231 -822 175 414 179 -84 312 -187 -798 93 -14 169 145 -55 -140 -559 -342 -224 -285 496 -160 -432 518 -487 361 -27 576 -306 -134 -272 17 -437 251 476 -41 396 93 215 -195 543 521 
-24 -599 44 -39 -380 -500 -442 64 -147 83 130 -39 -118 -440 -461 -395 124 -107 58 80 301 -28 485 416 621 267 671 -311 848 -88 -411 22 106 33 -893 27 719 -904 82 150 98 106 -30 54 614 -631 -724 -357 30 125 340 336 -382 126 62 87 -335 -795 722 -122 18 167 163 261 132 319 182 19 158 402 -112 101 -10 -199 653 -708 -162 659 10 -94 577 -156 532 -247 -5 -234 375 -28 74 26 437 41 -701 -55 282 -69 -318 -273 -549 574 
49 31 -468 525 346 -339 -938 -163 322 639 92 -268 27 -555 327 264 167 44 -54 512 40 -108 126 248 172 -387 -312 77 383 -160 287 -280 -569 -340 51 -16 53 232 22 317 395 -179 107 -198 -515 -395 -35 -184 135 56 438 423 -334 -168 -623 20 -195 -358 -125 -396 -36 -765 341 -90 177 -282 -25 -122 330 103 -204 -323 -851 121 409 -42 305 415 207 -302 149 56 476 -573 -174 77 -30 245 -131 -82 285 -399 -437 41 -202 212 -226 -207 -288 -130 
-675 -739 -28 -55 -23 524 -706 -44 184 88 260 317 -199 -236 61 -1261 241 50 -375 448 755 -224 391 -300 -35 -411 92 -259 360 390 -617 -311 -407 -482 -354 799 519 -14 448 -81 -424 231 -95 91 -96 -503 -349 -358 -87 714 592 555 -53 380 -155 403 406 -603 -197 1393 92 -77 -297 -216 303 -271 -203 -363 -172 881 19 -670 -538 289 221 -381 1 -132 110 -14 305 -611 -201 -611 -43 -600 -65 -155 768 102 -534 104 -746 -7 -266 135 -127 -112 428 -143 
438 644 559 -326 -139 -46 -69 132 -92 -190 -459 -201 -127 284 -43 765 -374 -150 -389 -556 -368 187 -532 -104 29 414 287 112 390 22 359 -116 -407 -53 715 74 -391 331 105 320 -318 -65 -447 -659 412 -12 30 -286 1 -92 -346 89 -4 -274 553 -633 -21 -12 -334 143 237 371 -908 220 -584 243 -94 187 503 176 748 -407 263 238 -49 140 -232 -356 -48 -566 -301 118 -199 275 -514 -458 198 -90 251 261 300 -70 -238 -749 171 -399 -179 -366 127 -620 
-360 -338 343 -460 -204 9 -316 -404 340 452 -176 49 27 -122 -307 -139 -385 369 -38 -400 235 42 -281 239 387 1225 -148 176 -314 -195 -547 179 16 -129 -433 444 35 -508 -69 497 476 -442 112 556 -7 -123 -374 -3 -600 -230 -252 134 216 353 564 -357 -333 145 348 -422 -247 -177 -159 172 -466 330 149 103 -431 -55 -228 -57 -424 222 -348 295 92 333 -253 23 -178 -418 -153 234 345 -465 10 412 -591 863 287 -146 -477 278 -338 468 -91 119 -312 -107 
-288 -437 331 183 57 465 -155 -119 326 -361 664 284 -106 399 435 -426 298 68 -40 559 157 -147 -416 -295 -645 -297 -84 668 -482 723 74 -175 202 -164 267 -554 -127 170 414 -74 -507 181 401 597 -502 -293 424 -522 -365 16 -632 -295 -152 -363 -77 202 285 -120 -294 400 -207 709 -345 154 295 -342 -121 311 -89 -384 -25 -199 477 464 -301 -310 934 -538 107 -89 276 -8 -241 49 212 -298 -99 -917 -84 -264 -194 206 699 225 153 161 -308 -146 -366 -373 
-183 41 131 23 715 -490 -70 654 281 369 351 729 310 320 53 -104 52 71 -253 281 -110 -313 248 53 -465 -14 194 234 275 -397 -246 576 607 224 53 820 284 -66 390 456 196 -155 -11 -234 413 353 -259 377 237 30 -255 186 -473 -8 203 -8 338 -62 925 237 256 -140 -62 255 737 -523 366 224 383 -80 -439 266 275 80 -281 315 24 183 419 -112 -173 -376 187 94 224 -28 664 133 569 -256 -505 -285 -458 -502 -533 -347 653 545 310 895 
447 574 1000 33 73 -110 514 754 -39 144 -140 260 -449 407 12 305 -412 -44 -398 9 -184 436 359 -311 -144 412 -2 -150 361 -432 -519 579 308 323 127 -858 290 -102 -1033 -286 740 387 91 247 472 -213 23 454 540 -14 -58 174 135 299 191 329 67 76 -9 242 -21 -92 -111 577 -222 -84 198 174 167 -252 43 469 633 187 -517 -229 241 -226 -515 146 -85 576 505 -129 155 -509 -566 -30 -392 652 283 -317 116 485 509 169 191 -291 296 601 
-98 114 962 -67 12 227 -129 -339 283 493 -571 -409 -267 545 443 37 99 317 48 224 -229 145 393 -799 99 245 -1087 -57 -124 -292 316 388 -142 -309 -665 50 65 -76 500 -382 96 -245 85 76 560 -18 255 -213 -63 -105 -215 841 -155 182 -845 460 -143 491 -209 -180 -130 147 383 649 -47 -539 -41 -46 164 -57 271 -34 -413 8 463 -158 341 -190 -930 219 504 -178 200 -38 -260 -690 31 302 682 54 126 -143 -720 -316 -197 791 -201 -162 -324 -456 
199 810 -14 -62 -7 86 82 -174 256 170 296 -770 -393 520 -59 -126 12 621 -980 -192 -28 -169 -190 -796 -337 -286 -376 667 -281 469 110 27 11 231 420 -295 -347 114 442 -10 -29 -8 -56 -148 244 111 196 394 46 -293 -669 -280 -235 -289 90 358 -51 -561 -440 541 307 305 -886 -560 103 -1 43 279 -95 -238 236 -324 523 92 -43 -78 -155 -60 -515 208 -70 -246 205 83 43 -202 277 -269 -104 576 29 164 51 -624 -101 -419 841 -275 242 -366 
212 159 -370 -103 -440 -264 265 -407 -405 -137 -337 -110 242 -529 -28 -470 168 -855 104 262 234 -88 380 292 414 513 409 -473 192 589 -74 -225 102 -238 281 188 1087 -166 279 155 170 -142 144 -1050 12 638 -189 -138 -96 -74 688 -135 -485 -345 134 -183 177 584 -266 8 -6 482 226 592 654 -86 75 597 213 -530 -510 596 -19 -108 -60 194 676 318 239 330 -169 173 -219 261 -52 52 -32 35 -314 -161 -70 -328 -246 -178 -299 392 -114 -323 664 123 
368 -111 492 -417 60 -117 47 -192 -131 518 227 -406 189 -86 -767 344 -481 121 436 -414 507 -56 69 -544 294 -359 532 -200 -311 -451 233 -154 66 -444 -166 193 -116 14 634 116 109 191 -375 1 -54 25 199 600 52 -278 262 -554 176 -580 448 -436 -10 -406 542 -27 435 366 148 -274 17 -85 -180 189 -112 -223 -305 -166 -824 -180 264 45 -471 5 31 -75 -350 226 -217 -291 325 212 -63 -30 723 -403 272 174 698 115 -152 -588 41 53 659 150 
602 -163 -499 -291 560 190 80 -131 251 372 -288 -244 -405 -85 -276 377 308 -570 658 373 -162 -618 190 43 -22 616 618 -344 338 -365 -542 425 -602 -577 -92 -230 524 287 -56 -115 304 328 750 -531 -556 -132 96 -19 -553 -1036 150 470 -356 533 9 821 -143 27 97 -48 -285 -5 661 -548 -340 -38 217 142 675 80 187 -213 -646 14 -106 -165 -144 315 14 -177 2 223 -210 92 5 -330 -132 -186 157 -840 -805 -423 -377 -438 97 683 384 -318 31 -36 
76 265 795 -513 -139 -19 538 -101 -498 294 137 21 -81 191 12 261 526 510 -350 -92 -221 426 297 -361 279 147 400 -198 91 313 65 88 497 917 226 -455 537 395 -369 -145 100 -39 -180 244 -65 -400 227 115 -31 -262 -219 189 -65 558 883 1 -82 193 309 -7 220 -106 224 208 -597 -180 -211 -510 346 734 794 868 278 -125 95 -408 -177 376 -235 210 198 765 -388 -23 258 573 -421 15 -26 421 169 -108 12 -2 147 103 -52 143 -594 436 
-220 550 482 -369 261 -417 540 452 402 341 -115 -618 -628 356 -498 12 -149 693 -606 970 653 -345 -842 79 -501 377 -342 276 100 46 158 3 -253 540 314 -230 -389 476 -214 -419 85 468 -263 5 -310 -224 -635 -347 247 4 -438 -695 594 235 6 209 96 -15 -415 441 423 428 -1020 -807 -111 -125 90 -169 358 -142 262 -1129 -576 364 -90 -322 354 -581 199 -559 226 -1013 263 203 287 -132 -336 47 -54 -127 21 -632 182 383 511 133 24 -41 88 -354 
525 202 -268 -92 -6 -559 190 828 -161 378 -434 315 736 -224 -120 247 -53 42 301 8 403 -477 -97 475 -445 398 232 -307 246 616 -458 94 -461 -622 -450 108 -95 245 -348 -255 160 187 -529 -413 -370 40 -805 150 201 -40 -38 -58 589 542 333 -476 -192 473 -20 351 -336 199 -315 -332 -875 407 127 835 600 556 19 541 80 -417 -24 823 170 -244 3 -362 -206 -415 -442 682 -236 -107 -141 -232 3 -289 493 -430 522 212 18 661 -322 218 277 -160 
-124 -286 -144 349 18 -305 -587 -3 -198 557 40 432 446 -859 108 1 419 -177 -34 140 286 -127 659 -107 180 -268 -334 47 -248 228 -202 -250 -233 -175 -616 -508 202 -125 -92 -229 282 -94 293 433 -741 267 -112 598 -127 -27 869 -225 -257 159 566 -359 34 -309 138 32 -202 463 -378 -78 307 392 144 348 -11 138 -117 -34 -302 100 -39 -99 234 314 505 -711 394 -71 68 508 -122 179 -158 -321 18 -286 496 260 84 -214 -733 -38 -48 292 -226 3 
-4 193 -550 -128 -209 -70 450 95 183 -222 -142 -203 -325 464 179 -370 121 -127 280 153 -64 -284 -132 -276 -295 58 -227 -24 330 12 -234 407 76 13 -13 262 398 -322 107 -246 -259 116 -259 -426 209 -142 -378 -75 552 -122 65 34 -151 -137 -475 -111 -300 634 -309 -498 -143 -231 -250 -214 122 303 -187 59 359 -214 350 267 161 -95 79 116 -177 -262 75 -84 183 73 83 -85 -146 -132 105 -603 -100 -249 434 143 -398 129 539 467 239 -323 -10 183 
428 272 -34 472 -403 -201 566 79 -105 318 45 13 -296 -341 -930 99 431 127 -254 -108 258 -500 -14 -372 -305 267 312 -558 655 406 153 -488 -487 -295 -354 -429 263 145 331 -679 364 542 68 435 -471 325 266 -448 -492 -574 315 -156 55 -55 399 -23 -369 -235 -541 102 178 875 -356 -43 -344 -8 146 754 405 561 -405 -269 -436 -451 -187 32 267 -654 818 -701 93 -451 -212 320 344 -401 -569 -250 593 -168 -114 -295 708 19 418 18 80 -535 386 -372 
1125 -41 -437 -501 -267 -580 -24 343 -210 201 -595 -142 495 -245 -585 70 -524 156 13 82 493 -166 -229 -163 -90 -492 222 36 -66 -335 -114 -309 -308 -218 -14 660 475 282 -76 286 329 -90 169 -625 -248 38 -159 -303 431 -341 -745 -136 -756 482 -219 301 324 186 -624 494 -140 173 166 -464 759 216 105 -423 286 -127 -900 -147 -40 206 434 271 -303 487 -326 -108 252 -121 180 -156 130 412 -25 96 64 -9 141 122 -420 63 -56 246 -254 165 -36 274 
571 -585 -221 42 -216 -705 -335 234 366 -313 -397 449 -602 306 -138 530 689 -98 -218 53 405 -655 75 -210 -269 -313 -99 564 -408 309 -273 263 19 -269 250 162 335 -483 610 -229 -432 -273 11 473 279 -162 360 574 371 114 -55 -238 -506 531 59 134 400 248 118 384 141 -48 133 -222 -382 -435 31 -41 206 717 -62 -55 404 -805 434 853 -333 315 46 -368 265 -193 -362 377 -415 363 -248 -782 173 894 -69 188 47 -549 -484 1065 17 221 -74 231 
-99 370 -847 -35 538 -91 -240 785 47 -35 146 -413 -25 629 109 -452 479 643 -800 -301 125 -229 -33 -52 -83 -800 158 358 568 -112 -746 -579 -26 -36 -371 375 267 -117 -392 50 -162 453 -230 -148 -352 243 -484 -265 -440 393 -147 117 -46 -117 -200 528 343 -1106 -438 773 173 623 -76 -354 559 -305 817 717 -325 -376 -196 -10 -22 -558 -507 328 -602 -215 533 -63 378 -51 112 303 590 -229 541 -509 -162 -292 262 -59 452 -39 -130 -379 638 -243 -176 -523 
561 -504 108 101 -821 44 646 -478 -587 167 -168 -142 770 -693 -318 -382 -213 -237 635 196 102 212 -540 -313 740 454 373 -440 29 -139 -58 -613 -133 181 -57 -468 -65 -27 -314 -147 -58 256 -18 -254 470 170 -423 -317 -149 96 185 -23 530 215 84 -533 -624 591 -99 -372 -123 -53 70 -221 -142 410 -325 -270 477 546 -40 254 47 -36 67 -448 679 255 122 -304 -90 -194 -263 -17 -83 256 -477 -23 17 -170 -240 -170 409 251 75 589 44 424 -312 244 
366 -430 273 -100 -253 209 -176 252 -506 720 -70 252 -301 -26 -538 -412 92 -12 -456 328 -519 482 -181 247 -261 -395 328 -313 489 229 -132 229 3 380 -180 -57 368 56 -100 574 -146 181 367 105 4 -297 693 30 414 234 -367 -383 213 223 -409 617 -299 198 -394 279 -104 422 38 -162 819 178 -169 -646 -10 129 -86 509 367 -288 -9 -177 -378 -49 78 -19 -57 -282 -557 89 116 124 -144 14 -334 73 81 395 298 50 295 -277 -225 -226 14 186 
-917 -708 146 -17 54 693 -767 -446 -335 -138 -504 323 268 311 -127 -616 354 165 753 20 -688 -496 648 466 396 220 595 111 -258 -130 -474 115 51 46 72 -591 302 -133 -240 124 -339 -180 -316 387 1013 -81 -811 415 386 -531 -569 -178 314 225 369 -60 -535 281 1062 -383 -1 328 60 349 270 -351 454 212 90 119 -90 144 -356 200 -371 -758 -704 -568 -616 -3 664 128 256 231 429 237 -693 109 674 -683 -328 -405 -384 -459 269 -183 -105 -210 -344 184 
-235 -623 147 -250 -266 -647 228 415 -58 -331 -396 339 115 -772 -600 -72 361 189 -489 908 104 312 -522 22 522 29 133 -85 361 -98 -110 -33 -101 363 -79 541 484 339 595 318 470 -395 603 448 1 327 44 149 609 -403 515 -118 -376 147 493 -256 579 -55 160 115 -174 -872 280 -307 -180 -104 -35 -139 -367 45 50 354 22 41 523 -356 535 891 187 -34 -56 108 -303 145 -28 349 -313 -313 311 -255 1012 -417 91 386 -80 324 -528 62 -417 57 
287 25 -363 570 319 106 33 -387 292 101 -411 -436 317 -374 467 -118 -229 -246 -149 -183 382 -127 138 66 -316 -684 -18 -136 -372 -446 -99 -357 282 270 670 130 -296 -436 -229 247 -165 -148 375 -456 -603 558 -614 738 711 -38 569 -406 498 -266 -664 -108 87 -145 80 -211 242 -196 -419 66 -20 238 -791 -419 152 -419 139 95 654 -399 -372 662 47 -269 669 26 -288 71 -480 158 -96 540 213 193 356 -320 -540 612 522 77 -481 111 -432 60 80 514 
13 128 -205 111 -281 518 -296 35 67 -134 179 75 -209 603 334 581 -116 266 14 104 47 218 -72 -478 -248 -321 -275 -215 -165 474 311 180 -443 -459 260 -435 56 -144 275 31 -289 269 -493 478 77 652 -470 -377 86 -506 123 91 -658 -6 -102 388 63 -36 -94 -80 -78 -52 -230 219 42 -20 633 82 105 146 -127 -271 333 124 147 -377 -198 46 -288 29 10 40 607 264 -1013 -539 127 644 115 -207 -538 780 283 145 -1 -396 15 186 -164 -299 
93 601 -68 -167 51 159 590 291 -56 835 459 -76 -66 470 126 -552 59 448 212 -49 489 166 -15 -261 -264 654 522 -183 347 -598 -274 -77 228 938 -145 450 118 567 -693 744 -143 615 -455 -1123 355 -484 -489 -89 -320 608 161 542 734 347 -82 228 428 -614 687 -100 549 -124 -312 149 542 194 111 96 357 -517 -5 -114 -418 61 -194 -678 -339 -127 48 253 98 233 166 -286 268 -497 1226 149 -765 142 -22 -11 -244 -913 -415 -631 924 299 -71 381 
-1067 -671 435 291 144 451 -485 -402 -142 -282 -506 180 -151 485 605 -733 86 635 303 553 -398 827 297 401 -26 411 171 126 -182 -693 -83 -558 -428 260 32 29 -172 -136 4 77 -502 -46 40 -189 72 -14 -645 532 14 4 436 -94 518 466 -432 -289 621 -44 57 102 -653 169 -172 203 833 -183 -9 -713 202 -661 478 -230 -335 99 -248 180 -928 183 173 147 -115 -362 -94 -601 -235 260 -274 148 134 -75 -439 23 -148 -114 -324 -34 -303 805 18 240 
589 396 -297 193 331 -211 -331 324 401 -65 -337 -217 871 18 -357 32 381 343 324 127 254 -84 -420 -173 -108 404 223 228 106 -120 -515 -273 -348 -127 -167 -408 23 -286 -96 199 656 343 -337 5 -315 644 -318 524 -930 -200 108 -439 330 -142 178 -50 60 -239 -709 -81 27 484 140 280 516 -169 567 678 -355 -1134 -768 131 -195 292 -199 158 -252 -414 188 -468 91 -318 423 -344 281 81 -107 -262 446 -307 595 -622 344 271 -17 186 214 -283 133 338 
-326 -803 406 388 -437 17 -712 -545 -92 92 -52 -367 186 -93 -18 -299 182 67 -223 180 -690 142 327 310 624 -42 -316 -200 326 138 -350 469 -2 -47 -470 222 302 -75 -507 -28 -199 410 -168 -278 95 459 -259 763 72 528 384 -108 96 113 -747 156 124 512 -402 297 -270 -220 312 -151 131 -337 -431 -737 -211 338 -70 254 74 -357 -162 535 182 233 441 -192 220 -56 -177 162 109 158 -488 -72 282 680 263 -449 1 647 -265 395 300 -116 200 52 
401 -115 -80 -223 407 61 -525 642 -189 516 255 336 210 -666 -561 92 -127 -385 451 -167 -12 60 27 -283 -289 421 376 -936 194 136 -545 692 38 -441 -536 9 969 401 -190 593 -210 -119 412 47 570 -220 -118 7 -261 -265 273 160 -220 137 561 -128 477 -35 609 734 392 855 584 434 295 -527 783 342 110 -322 142 130 -13 139 -493 -296 -630 284 114 -192 -287 -151 -197 -246 198 -179 172 168 48 -163 200 207 -198 -586 -31 96 34 272 389 -50 
-93 -31 587 -235 -59 -149 88 -31 381 -206 -469 143 129 -346 -339 -224 -142 -39 -492 453 593 -285 154 -79 300 -561 9 -605 136 265 -737 224 -101 159 -630 55 551 -195 493 -64 64 -5 -323 190 -280 -629 -210 -287 -108 -300 410 -29 -105 -70 22 -365 -161 -449 -349 186 -317 643 -291 66 -273 111 -91 -63 -236 217 86 152 -160 -487 -22 -109 -456 231 733 -384 439 -1039 -594 -198 62 731 -381 -253 -99 308 -75 126 -14 -239 0 129 -499 -264 184 -133 
-426 -115 -459 103 -132 -613 559 344 303 -370 -37 -280 796 -125 8 -117 -260 245 -161 501 -65 287 -122 560 -531 -236 -347 -149 -130 -277 565 501 -420 81 -351 928 -623 314 10 164 -19 31 460 34 -51 -355 -579 -444 38 -186 338 -472 -689 31 -690 353 629 246 127 271 -511 -160 -394 -107 9 53 1015 -665 -397 -229 -199 -202 -197 125 -69 355 -207 80 136 405 57 -680 261 291 -177 -191 552 -229 -33 -172 25 118 -73 329 291 -432 95 -579 131 -288 
-125 863 -137 -238 131 -282 88 215 -212 252 613 376 86 217 -353 251 860 173 -622 -90 -311 277 -516 372 -509 -325 576 -518 -189 346 299 445 250 237 207 -272 515 140 -693 -402 604 -294 -391 -221 -446 -76 263 -291 739 702 -223 -100 -3 -57 572 420 -419 234 -652 -75 264 427 91 126 -518 55 -165 399 209 -52 164 631 667 -347 -156 -56 -491 -249 392 -732 41 367 -278 111 -30 -166 -429 -22 271 209 251 345 330 -109 773 55 175 -96 161 557 
530 43 383 351 188 348 209 -27 306 -102 221 -400 -628 -34 350 372 -571 57 -258 -38 108 33 -152 -124 235 92 201 209 207 144 119 -728 628 -317 245 -267 -112 233 -243 94 614 57 252 -422 -101 615 -85 -253 168 203 -280 61 -240 -170 -150 219 -74 -416 -265 -263 -213 -540 293 -466 233 85 -80 -300 -50 -385 96 -317 -384 672 -341 342 99 774 349 -441 -151 165 -40 -17 145 -409 189 360 -245 -382 -333 180 -710 119 -321 -361 482 309 -559 -215 
